2 10000000
4f0c0ab4bdbb23692e535f042bb70570b457f308d691c51830879bfc61126d4d 18
0 64000 2 2
1 64000 2 2
2 64000 2 2
3 64000 2 2
4 64000 2 2
5 64000 2 2
6 64000 2 2
7 64000 2 2
8 64000 2 2
9 64000 2 2
10 64000 2 2
11 64000 2 2
12 64000 2 2
13 64000 2 2
14 64000 2 2
15 64000 2 2
16 64000 2 2
17 24359 2 2
7771f087d03c80c48521e2067ff8453298e85ee98dfb34d99030b3511e5a19a6 18
0 64000 2 2
1 64000 2 2
2 64000 2 2
3 64000 2 2
4 64000 2 2
5 64000 2 2
6 64000 2 2
7 64000 2 2
8 64000 2 2
9 64000 2 2
10 64000 2 2
11 64000 2 2
12 64000 2 2
13 64000 2 2
14 64000 2 2
15 64000 2 2
16 64000 2 2
17 24359 2 2
