2
69b98bf9facd790ba4365420cd0eb3b8a1578195a6859140fc9c3cd4582eb386 18
0 64000 1 64000 1 64000
1 64000 1 64000 1 64000
2 64000 1 64000 1 64000
3 64000 1 64000 1 64000
4 64000 1 64000 1 64000
5 64000 1 64000 1 64000
6 64000 1 64000 1 64000
7 64000 1 64000 1 64000
8 64000 1 64000 1 64000
9 64000 1 64000 1 64000
10 64000 1 64000 1 64000
11 64000 1 64000 1 64000
12 64000 1 64000 1 64000
13 64000 1 64000 1 64000
14 64000 1 64000 1 64000
15 64000 1 64000 1 64000
16 64000 1 64000 1 64000
17 24359 1 24359 1 24359
53d3ba6375725e7253224211a1338682a480f956373c18efff931836f8c0e912 18
0 64000 1 64000 1 1
1 64000 1 64000 1 1
2 64000 1 64000 1 1
3 64000 1 64000 1 1
4 64000 1 64000 1 1
5 64000 1 64000 1 1
6 64000 1 64000 1 1
7 64000 1 64000 1 1
8 64000 1 64000 1 1
9 64000 1 64000 1 1
10 64000 1 64000 1 1
11 64000 1 64000 1 1
12 64000 1 64000 1 1
13 64000 1 64000 1 1
14 64000 1 64000 1 1
15 64000 1 64000 1 1
16 64000 1 64000 1 1
17 24359 1 24359 1 1
