2
3cfb27c70c3bbe326b1ee66f62af843895af765e24a80e672b67eb9f2e6f9d60 9
0 64000 2 1
1 64000 2 1
2 64000 2 1
3 64000 2 1
4 64000 2 1
5 64000 2 1
6 64000 2 1
7 64000 2 1
8 23959 2 1
f31b71b62cc809685e53a80162185c20d76e6abd3e1b86a976ad43e2fc3eaff5 26
0 64000 2 1
1 64000 2 1
2 64000 2 1
3 64000 2 1
4 64000 2 1
5 64000 2 1
6 64000 2 1
7 64000 2 1
8 64000 2 1
9 64000 2 1
10 64000 2 1
11 64000 2 1
12 64000 2 1
13 64000 2 1
14 64000 2 1
15 64000 2 1
16 64000 2 1
17 64000 2 1
18 64000 2 1
19 64000 2 1
20 64000 2 1
21 64000 2 1
22 64000 2 1
23 64000 2 1
24 64000 2 1
25 29982 2 1
